 3  3  3  3  3  3  3  3  3  3  3  7 16  6  3  3  3  3  3  3  3  3  3  3  3  7 16  6  3  3  3  3  3  3  3  3  3  3  7 16  6  3  3  3  3  3  3  3  3  3
 3 17 14 15 17 18 17 14 15 17  3  7 16  6  3 17 14 15 17 18 17 14 15 17  3  7 16  6  3 17 14 15 18 18 14 15 17  3  7 16  6  3 17 14 15 18 14 15 17  3
 3 17  8 22 17 18 17  8 22 17  3  7 16  6  3 17  8 22 17 18 17  8 22 17  3  7 16  6  3 17  8 22 18 18  8 22 17  3  7 16  6  3 17  8 22 18  8 22 17  3
 3 17 17 17 17 17 17 17 17 17  3  7 16  6  3 17 17 17 17 17 17 17 17 17  3  7 16  6  3 17 17 17 17 17 17 17 17  3  7 16  6  3 17 17 17 17 17 17 17  3
 3 17 17 17 17 17 17 17 17 17  3  7 16  6  3 17 17 17 17 17 17 17 17 17  3  7 16  6  3 17 17 17 17 17 17 17 17  3  7 16  6  3 17 17 17 17 17 17 17  3
 3 17 17 17 18 18 18 17 17 17  3  7 16  6  3 17 17 17 18 18 18 17 17 17  3  7 16  6  3 17 17 17 18 18 17 17 17  3  7 16  6  3 17 17 18 18 18 17 17  3
 3 17 17 17 18 18 18 17 17 17  3  7 16  6  3 17 17 17 18 18 18 17 17 17  3  7 16  6  3 17 17 17 18 18 17 17 17  3  7 16  6  3 17 17 18 18 18 17 17  3
 3 17 17 17 17 17 17 17 17 17  3  7 16  6  3 17 17 17 17 17 17 17 17 17  3  7 16  6  3 17 17 17 17 17 17 17 17  3  7 16  6  3 17 17 17 17 17 17 17  3
 3 17 14 15 17 18 17 14 15 17  3  7 16  6  3 17 14 15 17 18 17 14 15 17  3  7 16  6  3 17 14 15 18 18 14 15 17  3  7 16  6  3 17 14 15 18 14 15 17  3
 3 17  8 22 17 18 17  8 22 17  3  7 16  6  3 17  8 22 17 18 17  8 22 17  3  7 16  6  3 17  8 22 18 18  8 22 17  3  7 16  6  3 17  8 22 18  8 22 17  3
 3  3  3  3  3  3  3  3  3  3  3  7 29  6  3  3  3  3  3  3  3  3  3  3  3  7 29  6  3  3  3  3  3  3  3  3  3  3  7 16  6  3  3  3  3  3  3  3  3  3
 4  4  4  4  4  4  4  4  4  4  4  7 16  6  4  4  4  4  4  4  4  4  4  4  4  7 16  6  4  4  4  4  4  4  4  4  4  4  7 16  6  4  4  4  4  4  4  4  4  4
 1  1  1  1  1  1  1  1  1  30 1  0 16  0  1 30  1  1  1  1  1  1  1 30  1  0 16  0  1 30  1  1  1  1  1  1  1 30  1 16  0 30  1  1  1  1  1  1  1  1
 5  5  5  5  5  5  5  5  5  5  5  7 16  6  5 28  5  5  5  5  5  5  5  5  5  7 16  6  5 28  5  5  5  5  5  5  5 28  7 16  6 28  5  5  5  5  5  5  5  5
 3  3  3  3  3  3  3  3  3  3  3  7 29  6  3  3  3  3  3  3  3  3  3  3  3  7 29  6  3 27  3 27  3 27  3 27  3  3  7 16  6  3  3  3  3  3  3  3  3  3
 3  3  3  3  3  3  3  3  3  3 28  7 16  6  3  3  3 14 14 14 14 14  3  3  3  7 16  6  3  3  3 14 14 14 14 14  3  3  7 16  6  3 27  3 27  3 27  3  3  3
 3  3  3  3  3  3  3 27  3 27  3  7 16  6  3  3  3  9 10 11 12 13  3  3  3  7 16  6  3  3  3  9 10 11 12 13  3  3  7 16  6  3  3  3  3  3  3  3  3  3
 3  3  3  3  3  3  3  3  3  3  3  7 16  6  3  3  3  3  3  3  3  3  3  3  3  7 16  6  3  3  3  3  3  3  3  3  3  3  7 16  6  3  3  3  3  3  3  3  3  3
 3 26 26 26 26 26 26 26  3  3  3  7 16  6  3 27  3  3  3  3  3  3  3 27  3  7 16  6  3  3  3  3  3  3  3  3  3  3  7 16  6  3 26 26 26 26 26 26  3  3
 3 25 25 25 25 25 25 25  3  3  3  7 16  6  3  3  3 14 14 14 14 14  3  3  3  7 16  6  3  3  3  3  3  3  3  3  3  3  7 16  6  3 25 25 25 25 25 25  3  3
 3 24 24 24 24 24 24 24  3  3  3  7 16  6  3  3  3  9 10 11 12 13  3  3  3  7 16  6  3  3  3  3  3  3  3  3  3  3  7 16  6  3 24 24 24 24 24 24  3  3
 3 23 23 23 23 23 23 23  3  3  3  7 16  6  3  3  3  3  3  3  3  3  3  3  3  7 16  6  3  3  3  3  3  3  3  3  3  3  7 16  6  3 23 23 23 23 23 23  3  3
 3 17 17 17 17 17 17 17  3  3  3  7 16  6  3 27  3 14 14 14 14 14  3  3  3  7 16  6  3  3  3 14 14 14 14 14  3  3  7 16  6  3 17 17 17 17 17 17  3  3
 3 17 17 17 17 17 17 17  3  3  3  7 16  6  3  3  3  9 10 11 12 13  3  3  3  7 16  6  3  3  3  9 10 11 12 13  3  3  7 16  6  3 17 17 17 17 17 17  3  3
 3 17 17 17 17 17 17 17  3  3  3  7 16  6  3  3  3  3  3  3  3  3  3  3  3  7 16  6  3  3  3  3  3  3  3  3  3  3  7 29  6  3  3  3  3  3  3  3  3  3
 4  4  4  4  4  4  4  4  4  4  28 7 29  6  4  4  4  4  4  4  4  4  4  4 28  7 29  6  4  4  4  4  4  4  4  4  4  4  7 16  6  4  4  4  4  4  4  4  4  4
 1  1  1  1  1  1  1  1  1 30  1  0 16  0  1 30  1  1  1  1  1  1  1 30  1  0 16  0  1 30  1  1  1  1  1  1  1 30  1 16  1 30  1  1  1  1  1  1  1  1
 5  5  5  5  5  5  5  5  5  5  5  7 29  6  5 28  5  5  5  5  5  5  5  5  5  7 29  6  5 28  5  5  5  5  5  5  5 28  7 16  6 28  5  5  5  5  5  5  5  5
 3  3  3  3  3  3  3  3  3  3  3  7 16  6  3  3  3  3  3  3  3  3  3  3  3  7 16  6  3  3  3  3  3  3  3  3  3  3  7 29  6  3  3  3  3  3  3  3  3  3
 3  3  3  3  3  3  3  3  3  3  3  7 16  6  3 17 14 15 17 18 17 14 15 17  3  7 16  6  3 17 14 15 18 18 14 15 17  3  7 16  6  3  3  3  3  3  3  3  3  3
 3  3  3  3  3  3  3  3  3  3  3  7 16  6  3 17  8 22 17 18 17  8 22 17  3  7 16  6  3 17  8 22 18 18  8 22 17  3  7 16  6  3  3  3  3  3  3  3  3  3
 3  3  3  3  3  3  3  3  3  3  3  7 16  6  3 17 17 17 17 17 17 17 17 17  3  7 16  6  3 17 17 17 17 17 17 17 17  3  7 16  6  3  3  3  3  3  3  3  3  3
 3 26 26 26 26 26 26  3  3  3  3  7 16  6  3 17 17 17 17 17 17 17 17 17  3  7 16  6  3 17 17 17 17 17 17 17 17  3  7 16  6  3 26 26 26 26 26 26  3  3
 3 25 25 25 25 25 25  3  3  3  3  7 16  6  3 17 17 17 18 18 18 17 17 17  3  7 16  6  3 17 17 17 18 18 17 17 17  3  7 16  6  3 25 25 25 25 25 25  3  3
 3 24 24 24 24 24 24  3  3  3  3  7 16  6  3 17 17 17 18 18 18 17 17 17  3  7 16  6  3 17 17 17 18 18 17 17 17  3  7 16  6  3 24 24 24 24 24 24  3  3
 3 23 23 23 23 23 23  3  3  3  3  7 16  6  3 17 17 17 17 17 17 17 17 17  3  7 16  6  3 17 17 17 17 17 17 17 17  3  7 16  6  3 23 23 23 23 23 23  3  3
 3 17 17 17 17 17 17  3  3  3  3  7 16  6  3 17 14 15 17 18 17 14 15 17  3  7 16  6  3 17 14 15 18 18 14 15 17  3  7 16  6  3 17 17 17 17 17 17  3  3
 3 17 17 17 17 17 17  3  3  3  3  7 16  6  3 17  8 22 17 18 17  8 22 17  3  7 16  6  3 17  8 22 18 18  8 22 17  3  7 16  6  3 17 17 17 17 17 17  3  3
 3 17 17 17 17 17 17  3  3  3  3  7 16  6  3  3  3  3  3  3  3  3  3  3  3  7 16  6  3  3  3  3  3  3  3  3  3  3  7 16  6  3  3  3  3  3  3  3  3  3
 4  4  4  4  4  4  4  4  4  4  4  7 29  6  4  4  4  4  4  4  4  4  4  4  4  7 29  6  4  4  4  4  4  4  4  4  4  4  7 29  6  4  4  4  4  4  4  4  4  4
 1  1  1  1  1  1  1  1  1 30  1  0 16  0  1 30  1  1  1  1  1  1  1 30  1  0 16  0  1 30  1  1  1  1  1  1  1  1  0 16  0  30  1  1  1  1  1  1  1  1
 5  5  5  5  5  5  5  5  5 28  3  7 29  6  5 28  5  5  5  5  5  5  5 28  5  7 29  6  5  5  5  5  5  5  5  5  5  5  7 29  6  5  5  5  5  5  5  5  5  5
 3  3  3  3  3  3  3  3  3  3  3  7 16  6  3  3  3  3  3  3  3  3  3  3  3  7 16  6  3  3  3  3  3  3  3  3  3  3  7 16  6  3  3  3  3  3  3  3  3  3
 3 17 14 15 17 18 17 14 15 17  3  7 16  6  3  3  3 14 14 14 14 14  3  3  3  7 16  6  3  3  3 14 14 14 14 14  3  3  7 16  6  3 17 14 15 18 14 15 17  3
 3 17  8 22 17 18 17  8 22 17  3  7 16  6  3  3  3  9 10 11 12 13  3  3  3  7 16  6  3  3  3  9 10 11 12 13  3  3  7 16  6  3 17  8 22 18  8 22 17  3
 3 17 17 17 17 17 17 17 17 17  3  7 16  6  3  3  3  3  3  3  3  3  3  3  3  7 16  6  3  3  3  3  3  3  3  3  3  3  7 16  6  3 17 17 17 17 17 17 17  3
 3 17 17 17 17 17 17 17 17 17  3  7 16  6  3  3  3 14 14 14 14 14  3  3  3  7 16  6  3  3  3  3  3  3  3  3  3  3  7 16  6  3 17 17 17 17 17 17 17  3
 3 17 17 17 18 18 18 17 17 17  3  7 16  6  3  3  3  9 10 11 12 13  3  3  3  7 16  6  3  3  3  3  3  3  3  3  3  3  7 16  6  3 17 17 18 18 18 17 17  3
 3 17 17 17 18 18 18 17 17 17  3  7 16  6  3  3  3  3  3  3  3  3  3  3  3  7 16  6  3  3  3  3  3  3  3  3  3  3  7 16  6  3 17 17 18 18 18 17 17  3
 3 17 17 17 17 17 17 17 17 17  3  7 16  6  3  3  3  3  3  3  3  3  3  3  3  7 16  6  3  3  3  3  3  3  3  3  3  3  7 16  6  3 17 17 17 17 17 17 17  3
